1|INTEL|1200|11|i5|11600|6|2.8|4.6|240|5
2|INTEL|1200|11|i5|11600K|6|3.8|4.9|310|6
3|INTEL|1200|11|i7|11700|8|2.5|4.5|390|0
4|INTEL|1200|11|i7|11700K|8|3.6|4.8|460|0
5|INTEL|1200|11|i9|11900|8|3.9|4.9|470|5
6|INTEL|1200|11|i9|11900K|8|3.6|5.3|550|5
7|INTEL|1700|12|i5|12600|6|3.3|4.8|330|8
8|INTEL|1700|12|i5|12600K|10|3.8|4.9|410|9
9|INTEL|1700|12|i7|12700|12|2.1|4.9|470|6
10|INTEL|1700|12|i7|12700K|12|3.6|5.0|520|10
11|INTEL|1700|12|i9|12900|16|2.2|5.1|630|0
12|INTEL|1700|12|i9|12900K|16|2.6|5.2|690|0
13|AMD|AM4|3000|Ryzen7|3700X|8|3.6|4.4|260|7
14|AMD|AM4|3000|Ryzen9|3900X|12|3.8|4.6|510|0
15|AMD|AM4|5000|Ryzen5|5600|6|3.5|4.4|210|0
16|AMD|AM4|5000|Ryzen5|5600X|6|3.7|4.6|270|11
17|AMD|AM4|5000|Ryzen7|5700X|8|3.4|4.6|310|10
18|AMD|AM4|5000|Ryzen7|5800X|8|3.8|4.7|400|9
19|AMD|AM4|5000|Ryzen9|5900|12|3.7|4.8|480|8
20|AMD|AM4|5000|Ryzen9|5950X|16|3.4|4.9|690|6
21|AMD|AM5|7000|Ryzen5|7600X|6|4.7|5.3|410|14
22|AMD|AM5|7000|Ryzen7|7700X|8|4.5|5.4|530|12
23|AMD|AM5|7000|Ryzen9|7900X|12|4.7|5.6|690|10
24|AMD|AM5|7000|Ryzen9|7950X|16|4.7|5.7|910|8